20
1000
356 890 356 899 357 899 357 890
675 815 675 965 676 965 676 815
1302 341 1302 684 1309 684 1309 341
751 422 751 577 753 577 753 422
476 513 476 531 477 531 477 513
344 871 344 912 349 912 349 871
760 822 760 857 761 857 761 822
719 798 719 799 722 799 722 798
943 787 943 800 944 800 944 787
208 829 208 846 210 846 210 829
1013 307 1013 388 1014 388 1014 307
386 905 386 918 389 918 389 905
857 757 857 785 858 785 858 757
640 693 640 703 642 703 642 693
590 726 590 883 592 883 592 726
925 775 925 810 926 810 926 775
681 405 681 836 685 836 685 405
1107 775 1107 908 1108 908 1108 775
215 666 215 742 217 742 217 666
360 605 360 793 361 793 361 605
104 374 104 449 107 449 107 374
1060 360 1060 836 1062 836 1062 360
1397 984 1397 989 1399 989 1399 984
462 458 462 565 463 565 463 458
1241 862 1241 926 1245 926 1245 862
1515 779 1515 789 1518 789 1518 779
119 530 119 533 124 533 124 530
1468 997 1468 998 1469 998 1469 997
463 863 463 875 465 875 465 863
1600 773 1600 871 1601 871 1601 773
56 462 56 517 58 517 58 462
692 805 692 810 693 810 693 805
1264 43 1264 183 1268 183 1268 43
1461 173 1461 211 1464 211 1464 173
562 342 562 346 564 346 564 342
1252 755 1252 770 1253 770 1253 755
273 583 273 665 274 665 274 583
521 732 521 735 529 735 529 732
595 516 595 518 596 518 596 516
230 734 230 757 231 757 231 734
829 656 829 676 830 676 830 656
366 717 366 911 368 911 368 717
866 343 866 423 869 423 869 343
1144 987 1144 991 1146 991 1146 987
1172 634 1172 645 1177 645 1177 634
415 414 415 677 416 677 416 414
970 144 970 233 971 233 971 144
674 979 674 981 676 981 676 979
977 511 977 635 978 635 978 511
282 565 282 596 284 596 284 565
196 435 196 528 197 528 197 435
62 507 62 530 64 530 64 507
1033 247 1033 269 1035 269 1035 247
1112 879 1112 881 1113 881 1113 879
1411 436 1411 444 1414 444 1414 436
312 880 312 884 314 884 314 880
132 167 132 791 133 791 133 167
1361 833 1361 847 1362 847 1362 833
956 822 956 858 964 858 964 822
1140 826 1140 829 1141 829 1141 826
823 695 823 752 824 752 824 695
434 449 434 627 435 627 435 449
844 318 844 515 846 515 846 318
1585 609 1585 899 1587 899 1587 609
11 813 11 824 13 824 13 813
882 575 882 620 885 620 885 575
1341 553 1341 595 1342 595 1342 553
1424 593 1424 652 1426 652 1426 593
238 366 238 370 240 370 240 366
660 870 660 889 663 889 663 870
721 868 721 873 723 873 723 868
569 600 569 649 570 649 570 600
842 744 842 860 845 860 845 744
819 637 819 721 820 721 820 637
1571 123 1571 344 1574 344 1574 123
1461 462 1461 494 1465 494 1465 462
586 262 586 718 587 718 587 262
877 981 877 984 879 984 879 981
1474 564 1474 574 1477 574 1477 564
147 931 147 937 148 937 148 931
391 912 391 916 392 916 392 912
533 463 533 464 535 464 535 463
364 210 364 225 365 225 365 210
1568 949 1568 960 1569 960 1569 949
1085 184 1085 186 1087 186 1087 184
198 207 198 237 200 237 200 207
251 432 251 434 252 434 252 432
1234 351 1234 485 1236 485 1236 351
856 907 856 908 858 908 858 907
914 592 914 671 915 671 915 592
673 679 673 906 682 906 682 679
781 298 781 310 782 310 782 298
1107 270 1107 904 1116 904 1116 270
1071 575 1071 587 1074 587 1074 575
1060 158 1060 905 1066 905 1066 158
1594 445 1594 933 1603 933 1603 445
271 559 271 947 281 947 281 559
432 342 432 930 437 930 437 342
355 220 355 942 362 942 362 220
50 571 50 635 53 635 53 571
1294 653 1294 889 1303 889 1303 653
868 66 868 772 870 772 870 66
595 469 595 799 597 799 597 469
272 609 272 815 277 815 277 609
591 735 591 737 597 737 597 735
1557 51 1557 380 1558 380 1558 51
363 127 363 490 365 490 365 127
925 725 925 979 932 979 932 725
959 849 959 867 960 867 960 849
1013 319 1013 455 1018 455 1018 319
677 562 677 673 688 673 688 562
57 413 57 610 65 610 65 413
558 733 558 776 562 776 562 733
868 166 868 963 871 963 871 166
810 287 810 973 820 973 820 287
413 7 413 422 422 422 422 7
56 336 56 748 57 748 57 336
1551 76 1551 873 1558 873 1558 76
1462 369 1462 837 1466 837 1466 369
418 395 418 661 429 661 429 395
214 584 214 856 216 856 216 584
720 164 720 911 727 911 727 164
781 175 781 192 782 192 782 175
1469 297 1469 771 1479 771 1479 297
1410 28 1410 585 1415 585 1415 28
131 286 131 334 140 334 140 286
362 564 362 781 369 781 369 564
760 805 760 895 765 895 765 805
1140 738 1140 973 1150 973 1150 738
346 265 346 995 356 995 356 265
1496 695 1496 718 1497 718 1497 695
282 355 282 603 284 603 284 355
670 951 670 977 677 977 677 951
1557 428 1557 752 1566 752 1566 428
1465 242 1465 967 1467 967 1467 242
1517 774 1517 961 1519 961 1519 774
930 451 930 762 932 762 932 451
345 926 345 996 349 996 349 926
417 28 417 373 422 373 422 28
229 335 229 497 240 497 240 335
857 397 857 642 868 642 868 397
429 217 429 659 434 659 434 217
860 620 860 980 864 980 864 620
418 281 418 960 425 960 425 281
343 166 343 918 349 918 349 166
1571 58 1571 335 1580 335 1580 58
1297 436 1297 733 1304 733 1304 436
367 774 367 943 372 943 372 774
386 11 386 995 395 995 395 11
325 833 325 907 327 907 327 833
275 822 275 860 280 860 280 822
1289 430 1289 812 1299 812 1299 430
1172 519 1172 690 1180 690 1180 519
234 26 234 841 238 841 238 26
1147 247 1147 920 1149 920 1149 247
813 202 813 992 823 992 823 202
1464 358 1464 850 1472 850 1472 358
638 320 638 406 639 406 639 320
205 490 205 983 213 983 213 490
236 9 236 302 244 302 244 9
416 434 416 809 426 809 426 434
390 485 390 969 396 969 396 485
967 92 967 224 975 224 975 92
761 743 761 966 766 966 766 743
1142 613 1142 917 1143 917 1143 613
1011 169 1011 541 1014 541 1014 169
358 207 358 678 360 678 360 207
1144 267 1144 555 1151 555 1151 267
673 618 673 628 684 628 684 618
913 590 913 828 923 828 923 590
130 11 130 543 141 543 141 11
1297 711 1297 911 1304 911 1304 711
1115 416 1115 470 1124 470 1124 416
1461 352 1461 792 1471 792 1471 352
48 437 48 888 53 888 53 437
343 77 343 758 354 758 354 77
594 239 594 529 604 529 604 239
1462 646 1462 982 1465 982 1465 646
416 224 416 283 417 283 417 224
201 618 201 993 210 993 210 618
472 403 472 674 482 674 482 403
1568 335 1568 748 1572 748 1572 335
551 445 551 852 559 852 559 445
598 72 598 864 603 864 603 72
476 93 476 943 477 943 477 93
1176 311 1176 828 1182 828 1182 311
959 473 959 977 970 977 970 473
1473 605 1473 877 1481 877 1481 605
843 319 843 853 852 853 852 319
997 765 997 805 998 805 998 765
1586 727 1586 876 1588 876 1588 727
194 908 194 910 205 910 205 908
950 413 950 777 961 777 961 413
50 700 50 832 51 832 51 700
1460 944 1460 973 1465 973 1465 944
638 386 638 829 644 829 644 386
1474 903 1474 908 1478 908 1478 903
913 818 913 865 920 865 920 818
960 527 960 734 964 734 964 527
1140 803 1140 847 1146 847 1146 803
518 657 518 854 522 854 522 657
1332 438 1332 703 1343 703 1343 438
424 899 424 915 435 915 435 899
1524 998 1524 999 1529 999 1529 998
1475 773 1475 962 1486 962 1486 773
1575 967 1575 969 1576 969 1576 967
950 659 950 958 953 958 953 659
1061 215 1061 661 1068 661 1068 215
1059 800 1059 843 1065 843 1065 800
856 634 856 933 864 933 864 634
1553 940 1553 970 1554 970 1554 940
545 949 545 951 547 951 547 949
974 282 974 592 984 592 984 282
1473 418 1473 810 1482 810 1482 418
1516 609 1516 864 1524 864 1524 609
223 663 223 763 232 763 232 663
724 478 724 586 734 586 734 478
358 682 358 848 362 848 362 682
682 412 682 824 688 824 688 412
426 410 426 785 430 785 430 410
457 311 457 946 463 946 463 311
1285 544 1285 853 1293 853 1293 544
1460 882 1460 926 1465 926 1465 882
127 148 127 411 132 411 132 148
808 866 808 934 819 934 819 866
780 210 780 518 785 518 785 210
675 437 675 763 681 763 681 437
266 293 266 585 277 585 277 293
1597 172 1597 899 1605 899 1605 172
52 513 52 648 59 648 59 513
180 195 180 202 181 202 181 195
1054 449 1054 925 1064 925 1064 449
1406 435 1406 930 1411 930 1411 435
1587 412 1587 871 1588 871 1588 412
1116 294 1116 817 1118 817 1118 294
1139 644 1139 681 1145 681 1145 644
819 254 819 260 829 260 829 254
369 565 369 980 375 980 375 565
1405 196 1405 758 1410 758 1410 196
1048 213 1048 506 1055 506 1055 213
1553 106 1553 350 1554 350 1554 106
212 309 212 887 218 887 218 309
1104 751 1104 754 1105 754 1105 751
1466 791 1466 962 1475 962 1475 791
462 741 462 810 473 810 473 741
958 838 958 928 968 928 968 838
751 548 751 756 756 756 756 548
124 131 124 333 134 333 134 131
544 942 544 987 548 987 548 942
1402 676 1402 961 1409 961 1409 676
147 854 147 954 148 954 148 854
249 183 249 705 253 705 253 183
850 543 850 703 856 703 856 543
1011 84 1011 700 1022 700 1022 84
835 328 835 774 843 774 843 328
311 628 311 901 319 901 319 628
1060 89 1060 417 1068 417 1068 89
1138 570 1138 954 1148 954 1148 570
215 263 215 417 226 417 226 263
1400 287 1400 602 1410 602 1410 287
463 104 463 980 469 980 469 104
161 115 161 117 162 117 162 115
954 512 954 781 962 781 962 512
1568 213 1568 584 1574 584 1574 213
883 518 883 930 886 930 886 518
354 586 354 597 362 597 362 586
914 642 914 851 920 851 920 642
1180 653 1180 982 1181 982 1181 653
64 148 64 746 74 746 74 148
678 738 678 809 687 809 687 738
1340 54 1340 719 1342 719 1342 54
881 818 881 912 891 912 891 818
1329 218 1329 560 1336 560 1336 218
348 786 348 910 349 910 349 786
463 108 463 813 467 813 467 108
1396 191 1396 232 1407 232 1407 191
386 168 386 947 394 947 394 168
1009 359 1009 676 1013 676 1013 359
1463 514 1463 599 1470 599 1470 514
102 94 102 624 113 624 113 94
661 717 661 925 670 925 670 717
864 593 864 896 874 896 874 593
517 522 517 867 521 867 521 522
9 703 9 855 14 855 14 703
67 546 67 965 76 965 76 546
1396 957 1396 997 1399 997 1399 957
1065 488 1065 569 1072 569 1072 488
264 210 264 385 269 385 269 210
382 794 382 862 393 862 393 794
311 830 311 865 322 865 322 830
2 12 2 793 11 793 11 12
908 586 908 640 917 640 917 586
458 464 458 769 464 769 464 464
971 38 971 567 976 567 976 38
1600 965 1600 969 1603 969 1603 965
815 977 815 996 819 996 819 977
385 351 385 938 390 938 390 351
1395 175 1395 254 1403 254 1403 175
1233 74 1233 531 1239 531 1239 74
383 459 383 673 391 673 391 459
264 916 264 945 272 945 272 916
1284 733 1284 744 1295 744 1295 733
732 377 732 761 742 761 742 377
1115 277 1115 550 1118 550 1118 277
899 617 899 652 910 652 910 617
883 639 883 745 892 745 892 639
921 152 921 731 927 731 927 152
1373 546 1373 566 1375 566 1375 546
881 518 881 971 888 971 888 518
215 787 215 841 217 841 217 787
1568 920 1568 955 1577 955 1577 920
359 519 359 867 365 867 365 519
1368 95 1368 195 1369 195 1369 95
720 127 720 651 721 651 721 127
718 26 718 837 724 837 724 26
1140 506 1140 838 1145 838 1145 506
952 377 952 459 955 459 955 377
867 588 867 600 870 600 870 588
669 239 669 817 680 817 680 239
287 941 287 961 289 961 289 941
878 376 878 820 886 820 886 376
1337 296 1337 613 1340 613 1340 296
61 99 61 729 71 729 71 99
1104 42 1104 907 1107 907 1107 42
4 466 4 712 7 712 7 466
173 82 173 798 184 798 184 82
754 600 754 671 760 671 760 600
316 527 316 874 317 874 317 527
1547 812 1547 884 1553 884 1553 812
1060 563 1060 736 1069 736 1069 563
1067 85 1067 174 1068 174 1068 85
754 450 754 625 761 625 761 450
1592 497 1592 768 1600 768 1600 497
216 585 216 865 223 865 223 585
428 189 428 679 431 679 431 189
732 160 732 767 740 767 740 160
345 733 345 867 354 867 354 733
1290 647 1290 838 1300 838 1300 647
1417 157 1417 661 1428 661 1428 157
872 854 872 920 877 920 877 854
891 442 891 748 896 748 896 442
1062 608 1062 921 1065 921 1065 608
476 427 476 896 487 896 487 427
992 740 992 782 1000 782 1000 740
586 575 586 933 591 933 591 575
37 331 37 342 39 342 39 331
1483 790 1483 909 1490 909 1490 790
1099 419 1099 893 1110 893 1110 419
158 919 158 980 162 980 162 919
882 603 882 975 888 975 888 603
1399 181 1399 515 1402 515 1402 181
387 343 387 911 397 911 397 343
1568 809 1568 969 1570 969 1570 809
657 847 657 980 668 980 668 847
635 665 635 906 646 906 646 665
248 476 248 819 251 819 251 476
858 565 858 760 864 760 864 565
1150 289 1150 458 1159 458 1159 289
159 977 159 997 167 997 167 977
373 734 373 841 376 841 376 734
204 81 204 801 209 801 209 81
738 313 738 759 743 759 743 313
63 107 63 623 70 623 70 107
1103 321 1103 601 1106 601 1106 321
1294 870 1294 928 1305 928 1305 870
724 350 724 728 735 728 735 350
250 509 250 797 258 797 258 509
1 358 1 543 7 543 7 358
862 795 862 871 869 871 869 795
883 760 883 803 885 803 885 760
879 798 879 803 887 803 887 798
1304 590 1304 926 1308 926 1308 590
406 280 406 316 414 316 414 280
1359 355 1359 848 1370 848 1370 355
1274 612 1274 939 1285 939 1285 612
6 617 6 675 8 675 8 617
121 263 121 739 126 739 126 263
506 327 506 501 508 501 508 327
354 920 354 951 357 951 357 920
876 172 876 965 883 965 883 172
1502 580 1502 634 1503 634 1503 580
1181 623 1181 682 1182 682 1182 623
1057 405 1057 750 1062 750 1062 405
459 388 459 900 464 900 464 388
522 717 522 856 528 856 528 717
1073 507 1073 605 1075 605 1075 507
638 150 638 653 641 653 641 150
845 383 845 541 852 541 852 383
485 795 485 969 493 969 493 795
635 496 635 726 642 726 642 496
1053 483 1053 725 1055 725 1055 483
1367 170 1367 212 1375 212 1375 170
941 560 941 917 944 917 944 560
183 459 183 852 187 852 187 459
410 42 410 632 420 632 420 42
843 450 843 798 850 798 850 450
1015 155 1015 215 1019 215 1019 155
512 470 512 999 519 999 519 470
266 325 266 983 267 983 267 325
203 655 203 903 213 903 213 655
1286 462 1286 930 1294 930 1294 462
423 894 423 970 432 970 432 894
418 232 418 664 426 664 426 232
809 990 809 996 820 996 820 990
1100 831 1100 953 1105 953 1105 831
1163 366 1163 610 1174 610 1174 366
552 812 552 931 561 931 561 812
1279 85 1279 960 1283 960 1283 85
911 331 911 929 922 929 922 331
658 90 658 985 669 985 669 90
1368 123 1368 354 1370 354 1370 123
137 152 137 744 138 744 138 152
1409 337 1409 899 1416 899 1416 337
516 694 516 915 522 915 522 694
1111 236 1111 954 1114 954 1114 236
1135 710 1135 832 1142 832 1142 710
486 494 486 997 488 997 488 494
879 813 879 866 887 866 887 813
277 479 277 877 283 877 283 479
948 571 948 572 949 572 949 571
1552 780 1552 836 1557 836 1557 780
632 853 632 896 642 896 642 853
718 347 718 783 724 783 724 347
663 300 663 572 670 572 670 300
1576 2 1576 211 1577 211 1577 2
404 49 404 70 411 70 411 49
1408 856 1408 996 1419 996 1419 856
66 78 66 390 76 390 76 78
1144 431 1144 798 1149 798 1149 431
664 122 664 699 667 699 667 122
664 210 664 568 669 568 669 210
871 278 871 330 878 330 878 278
757 189 757 517 760 517 760 189
970 66 970 293 973 293 973 66
1400 147 1400 883 1406 883 1406 147
1415 561 1415 935 1416 935 1416 561
215 343 215 453 225 453 225 343
1395 735 1395 749 1401 749 1401 735
1517 709 1517 820 1522 820 1522 709
1142 935 1142 958 1147 958 1147 935
1520 565 1520 765 1521 765 1521 565
758 885 758 986 769 986 769 885
1394 351 1394 799 1400 799 1400 351
143 257 143 979 148 979 148 257
1559 246 1559 447 1561 447 1561 246
1273 167 1273 738 1283 738 1283 167
885 917 885 940 888 940 888 917
742 632 742 761 746 761 746 632
1571 932 1571 967 1580 967 1580 932
1501 535 1501 648 1511 648 1511 535
895 525 895 756 898 756 898 525
514 863 514 931 520 931 520 863
866 794 866 916 872 916 872 794
1136 97 1136 296 1147 296 1147 97
1337 667 1337 690 1344 690 1344 667
131 31 131 357 135 357 135 31
176 725 176 874 185 874 185 725
333 894 333 944 344 944 344 894
1251 15 1251 791 1259 791 1259 15
1550 43 1550 588 1559 588 1559 43
428 729 428 795 434 795 434 729
1063 325 1063 620 1072 620 1072 325
266 988 266 989 267 989 267 988
581 670 581 768 587 768 587 670
813 71 813 557 818 557 818 71
1234 31 1234 352 1238 352 1238 31
909 404 909 516 919 516 919 404
913 724 913 923 917 923 917 724
1070 40 1070 981 1081 981 1081 40
665 354 665 863 666 863 666 354
487 268 487 677 498 677 498 268
1101 811 1101 984 1104 984 1104 811
1594 434 1594 939 1602 939 1602 434
1596 511 1596 722 1597 722 1597 511
260 882 260 968 268 968 268 882
1108 162 1108 954 1113 954 1113 162
861 572 861 629 871 629 871 572
349 770 349 954 355 954 355 770
531 456 531 678 536 678 536 456
474 619 474 654 475 654 475 619
637 587 637 939 644 939 644 587
130 38 130 381 135 381 135 38
951 309 951 533 958 533 958 309
425 468 425 742 435 742 435 468
1015 420 1015 567 1021 567 1021 420
10 311 10 390 20 390 20 311
1407 902 1407 981 1411 981 1411 902
1163 260 1163 767 1166 767 1166 260
959 654 959 980 963 980 963 654
861 652 861 782 865 782 865 652
755 691 755 765 757 765 757 691
496 227 496 328 501 328 501 227
1465 903 1465 943 1468 943 1468 903
249 279 249 589 253 589 253 279
966 769 966 999 976 999 976 769
487 120 487 734 493 734 493 120
509 534 509 630 518 630 518 534
732 133 732 492 738 492 738 133
925 886 925 924 926 924 926 886
120 148 120 358 126 358 126 148
344 478 344 782 352 782 352 478
202 772 202 789 203 789 203 772
968 490 968 845 974 845 974 490
261 82 261 159 262 159 262 82
52 827 52 949 53 949 53 827
1418 461 1418 746 1425 746 1425 461
252 439 252 824 255 824 255 439
314 857 314 941 323 941 323 857
1248 483 1248 612 1259 612 1259 483
822 35 822 748 824 748 824 35
129 964 129 967 131 967 131 964
1007 43 1007 278 1012 278 1012 43
1484 730 1484 900 1486 900 1486 730
179 821 179 924 185 924 185 821
854 572 854 606 865 606 865 572
790 758 790 775 794 775 794 758
558 590 558 753 561 753 561 590
1332 157 1332 191 1343 191 1343 157
1175 825 1175 961 1181 961 1181 825
434 117 434 733 444 733 444 117
486 545 486 921 492 921 492 545
1330 178 1330 260 1333 260 1333 178
68 624 68 865 76 865 76 624
272 888 272 905 276 905 276 888
1466 922 1466 949 1476 949 1476 922
1545 678 1545 942 1548 942 1548 678
1068 828 1068 895 1075 895 1075 828
371 674 371 760 378 760 378 674
1427 534 1427 938 1438 938 1438 534
1408 847 1408 990 1411 990 1411 847
767 578 767 999 776 999 776 578
1412 889 1412 996 1417 996 1417 889
1180 837 1180 1000 1182 1000 1182 837
433 671 433 850 436 850 436 671
387 17 387 120 389 120 389 17
167 454 167 538 176 538 176 454
920 208 920 916 925 916 925 208
458 430 458 885 461 885 461 430
1466 498 1466 528 1477 528 1477 498
213 408 213 643 224 643 224 408
1590 101 1590 786 1598 786 1598 101
905 320 905 806 910 806 910 320
477 720 477 926 488 926 488 720
1410 144 1410 812 1411 812 1411 144
665 361 665 800 667 800 667 361
439 597 439 634 441 634 441 597
1469 934 1469 936 1470 936 1470 934
1054 700 1054 788 1059 788 1059 700
780 157 780 389 789 389 789 157
576 913 576 940 577 940 577 913
997 609 997 994 1008 994 1008 609
730 370 730 638 738 638 738 370
196 956 196 1000 206 1000 206 956
1150 281 1150 799 1152 799 1152 281
1008 33 1008 472 1015 472 1015 33
1401 986 1401 994 1410 994 1410 986
533 449 533 670 541 670 541 449
46 41 46 645 55 645 55 41
121 642 121 989 122 989 122 642
330 920 330 999 336 999 336 920
359 296 359 653 369 653 369 296
652 869 652 883 653 883 653 869
1074 273 1074 713 1080 713 1080 273
1030 8 1030 682 1034 682 1034 8
1101 673 1101 691 1109 691 1109 673
1336 98 1336 749 1345 749 1345 98
350 290 350 922 351 922 351 290
1098 139 1098 400 1106 400 1106 139
1464 703 1464 709 1471 709 1471 703
1578 657 1578 869 1588 869 1588 657
395 20 395 663 403 663 403 20
415 501 415 770 426 770 426 501
721 201 721 407 731 407 731 201
1113 428 1113 766 1124 766 1124 428
1096 923 1096 981 1102 981 1102 923
980 87 980 939 983 939 983 87
1368 602 1368 853 1372 853 1372 602
1179 559 1179 818 1181 818 1181 559
713 771 713 992 719 992 719 771
1162 310 1162 779 1167 779 1167 310
136 735 136 878 147 878 147 735
782 942 782 974 783 974 783 942
1146 409 1146 749 1154 749 1154 409
1549 276 1549 942 1550 942 1550 276
768 368 768 907 773 907 773 368
1149 589 1149 638 1153 638 1153 589
1428 328 1428 652 1433 652 1433 328
910 423 910 747 917 747 917 423
923 469 923 947 931 947 931 469
177 846 177 927 182 927 182 846
1475 830 1475 938 1484 938 1484 830
523 766 523 991 532 991 532 766
220 79 220 884 231 884 231 79
128 996 128 997 130 997 130 996
651 733 651 769 653 769 653 733
1498 515 1498 597 1508 597 1508 515
366 789 366 796 372 796 372 789
132 580 132 801 137 801 137 580
402 530 402 949 407 949 407 530
585 339 585 799 592 799 592 339
628 385 628 534 639 534 639 385
1479 546 1479 649 1486 649 1486 546
1497 274 1497 665 1503 665 1503 274
438 505 438 653 446 653 446 505
513 969 513 989 518 989 518 969
388 195 388 718 397 718 397 195
465 334 465 892 468 892 468 334
379 422 379 835 387 835 387 422
819 662 819 810 828 810 828 662
47 694 47 979 58 979 58 694
866 59 866 139 871 139 871 59
454 142 454 434 463 434 463 142
1425 331 1425 615 1428 615 1428 331
669 382 669 892 680 892 680 382
145 800 145 829 152 829 152 800
680 880 680 992 686 992 686 880
1374 429 1374 566 1375 566 1375 429
1231 254 1231 344 1238 344 1238 254
1521 352 1521 947 1525 947 1525 352
1565 772 1565 898 1570 898 1570 772
1253 653 1253 783 1260 783 1260 653
1110 102 1110 574 1118 574 1118 102
123 382 123 506 127 506 127 382
840 617 840 963 841 963 841 617
1356 246 1356 582 1367 582 1367 246
1048 571 1048 902 1057 902 1057 571
1094 249 1094 463 1104 463 1104 249
1172 336 1172 766 1182 766 1182 336
1336 336 1336 706 1338 706 1338 336
1569 441 1569 530 1574 530 1574 441
816 935 816 943 821 943 821 935
1506 428 1506 893 1511 893 1511 428
194 148 194 716 200 716 200 148
1502 207 1502 258 1503 258 1503 207
185 11 185 929 194 929 194 11
716 901 716 972 718 972 718 901
396 199 396 456 398 456 398 199
1514 686 1514 981 1522 981 1522 686
1281 562 1281 974 1285 974 1285 562
405 639 405 664 412 664 412 639
390 50 390 526 392 526 392 50
1018 300 1018 565 1027 565 1027 300
780 810 780 997 791 997 791 810
1457 621 1457 977 1466 977 1466 621
1551 488 1551 573 1561 573 1561 488
783 459 783 830 791 830 791 459
1316 818 1316 830 1317 830 1317 818
1387 967 1387 980 1388 980 1388 967
499 454 499 912 510 912 510 454
738 993 738 995 740 995 740 993
46 306 46 923 56 923 56 306
344 820 344 951 348 951 348 820
1065 427 1065 781 1069 781 1069 427
855 459 855 510 864 510 864 459
578 432 578 514 586 514 586 432
205 536 205 801 207 801 207 536
372 628 372 891 375 891 375 628
171 764 171 964 179 964 179 764
173 545 173 778 174 778 174 545
658 827 658 947 663 947 663 827
377 374 377 607 388 607 388 374
220 695 220 729 230 729 230 695
922 754 922 946 928 946 928 754
1476 896 1476 1000 1485 1000 1485 896
219 457 219 902 228 902 228 457
1335 26 1335 806 1338 806 1338 26
1568 4 1568 518 1576 518 1576 4
976 222 976 645 987 645 987 222
1577 226 1577 966 1588 966 1588 226
935 748 935 766 937 766 937 748
613 104 613 119 614 119 614 104
509 824 509 915 517 915 517 824
637 716 637 786 639 786 639 716
47 74 47 361 51 361 51 74
17 373 17 930 19 930 19 373
724 414 724 577 735 577 735 414
208 59 208 509 212 509 212 59
772 711 772 802 780 802 780 711
715 703 715 935 726 935 726 703
1159 550 1159 699 1168 699 1168 550
1483 896 1483 966 1487 966 1487 896
1566 484 1566 793 1575 793 1575 484
1496 591 1496 810 1505 810 1505 591
399 973 399 997 400 997 400 973
486 702 486 797 490 797 490 702
855 846 855 869 860 869 860 846
914 692 914 967 918 967 918 692
399 496 399 730 400 730 400 496
118 874 118 969 129 969 129 874
1113 216 1113 809 1115 809 1115 216
358 827 358 938 365 938 365 827
846 812 846 992 849 992 849 812
535 638 535 783 539 783 539 638
1499 158 1499 595 1505 595 1505 158
84 545 84 552 85 552 85 545
343 947 343 975 353 975 353 947
1464 332 1464 547 1475 547 1475 332
1405 105 1405 996 1407 996 1407 105
1129 15 1129 481 1139 481 1139 15
262 152 262 934 272 934 272 152
812 381 812 750 819 750 819 381
1316 404 1316 911 1323 911 1323 404
64 809 64 961 69 961 69 809
1334 153 1334 580 1341 580 1341 153
355 505 355 962 360 962 360 505
1021 256 1021 853 1026 853 1026 256
314 142 314 870 317 870 317 142
866 429 866 901 869 901 869 429
449 50 449 537 458 537 458 50
326 246 326 861 327 861 327 246
261 948 261 983 265 983 265 948
1517 391 1517 903 1518 903 1518 391
165 789 165 932 173 932 173 789
580 529 580 980 590 980 590 529
1181 428 1181 524 1183 524 1183 428
140 203 140 214 142 214 142 203
913 554 913 876 917 876 917 554
718 542 718 562 729 562 729 542
170 391 170 460 181 460 181 391
1012 627 1012 844 1015 844 1015 627
531 43 531 860 535 860 535 43
1331 877 1331 894 1332 894 1332 877
452 305 452 798 460 798 460 305
947 485 947 580 958 580 958 485
627 921 627 934 628 934 628 921
1403 224 1403 537 1412 537 1412 224
134 459 134 471 138 471 138 459
352 498 352 705 354 705 354 498
47 445 47 923 50 923 50 445
1069 882 1069 932 1073 932 1073 882
903 716 903 745 914 745 914 716
1065 502 1065 927 1074 927 1074 502
435 824 435 963 441 963 441 824
435 517 435 603 438 603 438 517
1259 781 1259 836 1270 836 1270 781
1099 503 1099 942 1105 942 1105 503
759 822 759 918 761 918 761 822
973 73 973 310 983 310 983 73
591 683 591 898 594 898 594 683
1406 207 1406 361 1408 361 1408 207
652 647 652 790 656 790 656 647
1094 553 1094 822 1102 822 1102 553
888 410 888 1000 891 1000 891 410
1249 198 1249 488 1256 488 1256 198
1564 855 1564 939 1572 939 1572 855
468 551 468 929 475 929 475 551
831 457 831 460 833 460 833 457
1463 342 1463 408 1472 408 1472 342
1370 215 1370 816 1380 816 1380 215
1173 982 1173 988 1174 988 1174 982
675 850 675 884 683 884 683 850
1133 323 1133 895 1144 895 1144 323
1317 220 1317 495 1320 495 1320 220
733 346 733 798 742 798 742 346
691 766 691 856 698 856 698 766
485 463 485 988 493 988 493 463
1142 340 1142 600 1147 600 1147 340
1340 54 1340 339 1347 339 1347 54
189 306 189 841 200 841 200 306
750 73 750 97 753 97 753 73
281 527 281 784 285 784 285 527
650 733 650 892 660 892 660 733
690 987 690 989 691 989 691 987
1327 807 1327 873 1328 873 1328 807
1389 683 1389 970 1395 970 1395 683
677 297 677 482 678 482 678 297
562 520 562 631 573 631 573 520
1000 319 1000 616 1009 616 1009 319
336 492 336 493 337 493 337 492
531 162 531 837 537 837 537 162
2 360 2 910 9 910 9 360
1072 127 1072 620 1080 620 1080 127
550 166 550 758 557 758 557 166
640 350 640 463 651 463 651 350
854 942 854 953 865 953 865 942
1002 185 1002 541 1012 541 1012 185
375 723 375 946 379 946 379 723
1407 952 1407 992 1415 992 1415 952
961 981 961 990 969 990 969 981
1172 457 1172 682 1179 682 1179 457
448 785 448 950 459 950 459 785
1316 817 1316 882 1320 882 1320 817
1113 738 1113 916 1119 916 1119 738
1362 559 1362 568 1372 568 1372 559
327 288 327 586 338 586 338 288
1003 401 1003 476 1013 476 1013 401
962 234 962 830 965 830 965 234
677 553 677 696 683 696 683 553
309 98 309 290 315 290 315 98
1009 306 1009 499 1018 499 1018 306
308 95 308 454 310 454 310 95
558 518 558 804 567 804 567 518
300 702 300 703 301 703 301 702
381 912 381 927 387 927 387 912
1463 484 1463 751 1466 751 1466 484
176 155 176 586 185 586 185 155
1173 479 1173 587 1178 587 1178 479
807 513 807 820 815 820 815 513
112 245 112 892 114 892 114 245
1097 893 1097 924 1101 924 1101 893
374 926 374 983 385 983 385 926
282 965 282 984 283 984 283 965
239 309 239 599 247 599 247 309
625 901 625 976 628 976 628 901
147 669 147 893 151 893 151 669
189 602 189 785 200 785 200 602
390 862 390 985 393 985 393 862
200 981 200 990 209 990 209 981
920 893 920 907 922 907 922 893
955 393 955 442 963 442 963 393
1324 856 1324 965 1333 965 1333 856
1354 849 1354 871 1357 871 1357 849
1340 668 1340 771 1343 771 1343 668
235 208 235 796 239 796 239 208
452 315 452 578 455 578 455 315
1522 90 1522 533 1527 533 1527 90
268 201 268 856 278 856 278 201
582 928 582 979 585 979 585 928
131 140 131 889 134 889 134 140
1540 649 1540 990 1546 990 1546 649
1422 617 1422 845 1429 845 1429 617
779 513 779 832 781 832 781 513
618 994 618 995 621 995 621 994
934 748 934 891 941 891 941 748
1508 32 1508 726 1516 726 1516 32
573 981 573 982 574 982 574 981
1458 449 1458 526 1462 526 1462 449
1502 595 1502 713 1511 713 1511 595
1404 733 1404 837 1409 837 1409 733
173 680 173 714 175 714 175 680
14 606 14 936 22 936 22 606
1074 609 1074 920 1079 920 1079 609
1004 88 1004 247 1015 247 1015 88
629 882 629 894 639 894 639 882
652 630 652 767 661 767 661 630
802 610 802 772 809 772 809 610
360 880 360 904 364 904 364 880
1017 320 1017 704 1021 704 1021 320
392 838 392 925 393 925 393 838
363 252 363 462 370 462 370 252
283 382 283 667 291 667 291 382
5 202 5 846 16 846 16 202
753 482 753 784 759 784 759 482
263 860 263 904 265 904 265 860
208 860 208 969 213 969 213 860
497 405 497 438 502 438 502 405
727 447 727 550 732 550 732 447
623 73 623 810 634 810 634 73
1448 649 1448 697 1459 697 1459 649
1510 959 1510 994 1515 994 1515 959
1141 421 1141 526 1147 526 1147 421
53 851 53 925 63 925 63 851
784 170 784 704 785 704 785 170
313 727 313 776 321 776 321 727
1444 304 1444 859 1453 859 1453 304
1391 293 1391 688 1392 688 1392 293
1148 607 1148 677 1151 677 1151 607
672 565 672 657 678 657 678 565
438 934 438 996 447 996 447 934
930 531 930 541 939 541 939 531
1009 51 1009 256 1012 256 1012 51
949 289 949 859 958 859 958 289
364 361 364 681 372 681 372 361
589 697 589 711 592 711 592 697
783 656 783 827 788 827 788 656
813 824 813 956 817 956 817 824
1173 537 1173 810 1179 810 1179 537
794 750 794 781 803 781 803 750
1524 15 1524 833 1530 833 1530 15
1161 567 1161 870 1163 870 1163 567
637 901 637 996 642 996 642 901
267 844 267 894 274 894 274 844
200 520 200 878 205 878 205 520
502 461 502 544 504 544 504 461
520 148 520 666 521 666 521 148
1582 942 1582 988 1589 988 1589 942
58 904 58 905 63 905 63 904
409 66 409 277 413 277 413 66
629 207 629 860 635 860 635 207
54 53 54 635 59 635 59 53
1003 847 1003 872 1004 872 1004 847
1125 119 1125 268 1132 268 1132 119
859 265 859 979 867 979 867 265
856 501 856 907 865 907 865 501
1539 658 1539 660 1546 660 1546 658
1510 271 1510 382 1511 382 1511 271
1452 264 1452 419 1453 419 1453 264
111 308 111 388 118 388 118 308
384 572 384 954 395 954 395 572
126 865 126 945 129 945 129 865
349 51 349 420 351 420 351 51
1553 271 1553 570 1559 570 1559 271
585 904 585 993 593 993 593 904
631 408 631 469 641 469 641 408
787 428 787 484 791 484 791 428
661 8 661 132 672 132 672 8
216 142 216 457 222 457 222 142
1341 225 1341 394 1348 394 1348 225
1322 787 1322 865 1329 865 1329 787
151 577 151 618 152 618 152 577
1381 629 1381 881 1390 881 1390 629
11 164 11 525 17 525 17 164
854 214 854 969 856 969 856 214
9 396 9 629 12 629 12 396
1282 566 1282 998 1292 998 1292 566
397 129 397 957 403 957 403 129
502 826 502 913 511 913 511 826
186 413 186 593 188 593 188 413
408 155 408 390 417 390 417 155
1069 556 1069 905 1079 905 1079 556
48 288 48 424 49 424 49 288
1577 295 1577 455 1582 455 1582 295
126 44 126 622 134 622 134 44
1106 348 1106 371 1114 371 1114 348
865 331 865 987 870 987 870 331
1070 497 1070 979 1077 979 1077 497
1276 594 1276 688 1287 688 1287 594
1302 322 1302 531 1310 531 1310 322
814 226 814 555 825 555 825 226
1144 608 1144 698 1153 698 1153 608
12 141 12 962 18 962 18 141
762 563 762 608 772 608 772 563
106 340 106 480 114 480 114 340
785 44 785 926 787 926 787 44
648 818 648 978 659 978 659 818
488 562 488 707 495 707 495 562
1426 173 1426 846 1430 846 1430 173
119 717 119 952 125 952 125 717
5 706 5 868 12 868 12 706
235 487 235 679 246 679 246 487
717 88 717 236 721 236 721 88
1418 713 1418 910 1427 910 1427 713
1257 909 1257 919 1258 919 1258 909
399 351 399 702 407 702 407 351
875 948 875 959 880 959 880 948
373 555 373 622 378 622 378 555
1308 679 1308 745 1313 745 1313 679
442 991 442 992 453 992 453 991
916 827 916 910 918 910 918 827
233 278 233 897 234 897 234 278
977 279 977 495 986 495 986 279
1465 775 1465 961 1473 961 1473 775
1268 173 1268 362 1276 362 1276 173
252 386 252 742 260 742 260 386
392 212 392 331 401 331 401 212
811 890 811 937 813 937 813 890
1029 463 1029 517 1038 517 1038 463
528 896 528 958 529 958 529 896
1080 123 1080 794 1085 794 1085 123
184 729 184 860 191 860 191 729
780 191 780 930 784 930 784 191
1262 444 1262 834 1270 834 1270 444
178 177 178 629 181 629 181 177
924 82 924 224 935 224 935 82
1234 419 1234 472 1238 472 1238 419
466 656 466 756 470 756 470 656
875 246 875 845 878 845 878 246
917 804 917 983 928 983 928 804
1262 12 1262 865 1271 865 1271 12
1546 248 1546 258 1548 258 1548 248
1194 262 1194 359 1195 359 1195 262
1437 834 1437 869 1439 869 1439 834
1391 242 1391 345 1401 345 1401 242
1405 485 1405 560 1407 560 1407 485
1401 682 1401 891 1408 891 1408 682
730 589 730 744 738 744 738 589
124 9 124 847 125 847 125 9
1264 270 1264 976 1275 976 1275 270
181 632 181 735 190 735 190 632
1057 646 1057 996 1060 996 1060 646
1250 357 1250 677 1251 677 1251 357
419 210 419 311 422 311 422 210
652 679 652 986 654 986 654 679
1434 571 1434 964 1438 964 1438 571
398 889 398 953 403 953 403 889
510 853 510 870 511 870 511 853
477 27 477 676 488 676 488 27
316 124 316 662 322 662 322 124
278 472 278 829 280 829 280 472
208 783 208 955 215 955 215 783
437 167 437 500 441 500 441 167
171 65 171 672 182 672 182 65
1253 733 1253 789 1259 789 1259 733
1520 492 1520 527 1524 527 1524 492
760 385 760 728 766 728 766 385
303 237 303 262 304 262 304 237
81 114 81 739 88 739 88 114
269 178 269 735 270 735 270 178
591 50 591 446 592 446 592 50
1057 267 1057 825 1061 825 1061 267
1513 866 1513 914 1523 914 1523 866
431 965 431 988 441 988 441 965
1511 195 1511 969 1515 969 1515 195
1128 51 1128 869 1130 869 1130 51
595 599 595 800 600 800 600 599
451 118 451 422 455 422 455 118
709 924 709 973 717 973 717 924
408 588 408 862 418 862 418 588
702 431 702 478 703 478 703 431
818 585 818 995 826 995 826 585
