10
1000
356 890 356 899 357 899 357 890
675 815 675 965 676 965 676 815
1302 341 1302 684 1309 684 1309 341
751 422 751 577 753 577 753 422
476 513 476 531 477 531 477 513
344 871 344 912 349 912 349 871
760 822 760 857 761 857 761 822
719 798 719 799 722 799 722 798
943 787 943 800 944 800 944 787
208 829 208 846 210 846 210 829
1013 307 1013 388 1014 388 1014 307
386 905 386 918 389 918 389 905
857 757 857 785 858 785 858 757
640 693 640 703 642 703 642 693
590 726 590 883 592 883 592 726
925 775 925 810 926 810 926 775
681 405 681 836 685 836 685 405
1107 775 1107 908 1108 908 1108 775
215 666 215 742 217 742 217 666
360 605 360 793 361 793 361 605
104 374 104 449 107 449 107 374
1060 360 1060 836 1062 836 1062 360
1397 984 1397 989 1399 989 1399 984
462 458 462 565 463 565 463 458
1241 862 1241 926 1245 926 1245 862
1515 779 1515 789 1518 789 1518 779
119 530 119 533 124 533 124 530
1468 997 1468 998 1469 998 1469 997
463 863 463 875 465 875 465 863
1600 773 1600 871 1601 871 1601 773
56 462 56 517 58 517 58 462
692 805 692 810 693 810 693 805
1264 43 1264 183 1268 183 1268 43
1461 173 1461 211 1464 211 1464 173
562 342 562 346 564 346 564 342
1252 755 1252 770 1253 770 1253 755
273 583 273 665 274 665 274 583
521 732 521 735 529 735 529 732
595 516 595 518 596 518 596 516
230 734 230 757 231 757 231 734
829 656 829 676 830 676 830 656
366 717 366 911 368 911 368 717
866 343 866 423 869 423 869 343
1144 987 1144 991 1146 991 1146 987
1172 634 1172 645 1177 645 1177 634
415 414 415 677 416 677 416 414
970 144 970 233 971 233 971 144
674 979 674 981 676 981 676 979
977 511 977 635 978 635 978 511
282 565 282 596 284 596 284 565
514 548 514 860 524 860 524 548
516 408 516 579 521 579 521 408
1169 236 1169 790 1174 790 1174 236
504 35 504 752 515 752 515 35
942 784 942 918 948 918 948 784
415 247 415 568 418 568 418 247
100 334 100 623 109 623 109 334
52 290 52 958 61 958 61 290
1107 270 1107 904 1116 904 1116 270
1060 158 1060 905 1066 905 1066 158
1594 445 1594 933 1603 933 1603 445
271 559 271 947 281 947 281 559
355 220 355 942 362 942 362 220
641 590 641 639 642 639 642 590
504 269 504 631 515 631 515 269
1294 653 1294 889 1303 889 1303 653
868 66 868 772 870 772 870 66
595 469 595 799 597 799 597 469
1168 146 1168 541 1179 541 1179 146
272 609 272 815 277 815 277 609
591 735 591 737 597 737 597 735
1557 51 1557 380 1558 380 1558 51
925 725 925 979 932 979 932 725
1013 319 1013 455 1018 455 1018 319
677 562 677 673 688 673 688 562
57 413 57 610 65 610 65 413
868 166 868 963 871 963 871 166
413 7 413 422 422 422 422 7
56 336 56 748 57 748 57 336
1551 76 1551 873 1558 873 1558 76
519 695 519 927 521 927 521 695
418 395 418 661 429 661 429 395
214 584 214 856 216 856 216 584
720 164 720 911 727 911 727 164
1549 231 1549 727 1560 727 1560 231
362 564 362 781 369 781 369 564
760 805 760 895 765 895 765 805
102 610 102 648 111 648 111 610
500 743 500 887 509 887 509 743
346 265 346 995 356 995 356 265
1496 695 1496 718 1497 718 1497 695
282 355 282 603 284 603 284 355
670 951 670 977 677 977 677 951
1557 428 1557 752 1566 752 1566 428
1517 774 1517 961 1519 961 1519 774
930 451 930 762 932 762 932 451
345 926 345 996 349 996 349 926
417 28 417 373 422 373 422 28
857 397 857 642 868 642 868 397
860 620 860 980 864 980 864 620
418 281 418 960 425 960 425 281
343 166 343 918 349 918 349 166
1297 436 1297 733 1304 733 1304 436
367 774 367 943 372 943 372 774
386 11 386 995 395 995 395 11
275 822 275 860 280 860 280 822
1289 430 1289 812 1299 812 1299 430
1168 759 1168 894 1173 894 1173 759
1166 704 1166 928 1169 928 1169 704
1172 519 1172 690 1180 690 1180 519
205 490 205 983 213 983 213 490
416 434 416 809 426 809 426 434
390 485 390 969 396 969 396 485
967 92 967 224 975 224 975 92
761 743 761 966 766 966 766 743
49 888 49 992 53 992 53 888
1011 169 1011 541 1014 541 1014 169
358 207 358 678 360 678 360 207
673 618 673 628 684 628 684 618
509 705 509 873 515 873 515 705
1297 711 1297 911 1304 911 1304 711
1115 416 1115 470 1124 470 1124 416
48 437 48 888 53 888 53 437
343 77 343 758 354 758 354 77
594 239 594 529 604 529 604 239
416 224 416 283 417 283 417 224
201 618 201 993 210 993 210 618
472 403 472 674 482 674 482 403
99 630 99 637 109 637 109 630
598 72 598 864 603 864 603 72
476 93 476 943 477 943 477 93
1176 311 1176 828 1182 828 1182 311
1287 129 1287 454 1290 454 1290 129
869 372 869 999 880 999 880 372
1287 314 1287 442 1298 442 1298 314
194 908 194 910 205 910 205 908
50 700 50 832 51 832 51 700
638 386 638 829 644 829 644 386
1474 903 1474 908 1478 908 1478 903
1164 799 1164 821 1170 821 1170 799
518 657 518 854 522 854 522 657
424 899 424 915 435 915 435 899
1475 773 1475 962 1486 962 1486 773
1061 215 1061 661 1068 661 1068 215
1059 800 1059 843 1065 843 1065 800
856 634 856 933 864 933 864 634
1553 940 1553 970 1554 970 1554 940
1473 418 1473 810 1482 810 1482 418
1516 609 1516 864 1524 864 1524 609
223 663 223 763 232 763 232 663
506 679 506 952 514 952 514 679
724 478 724 586 734 586 734 478
358 682 358 848 362 848 362 682
682 412 682 824 688 824 688 412
426 410 426 785 430 785 430 410
1164 521 1164 798 1169 798 1169 521
457 311 457 946 463 946 463 311
1285 544 1285 853 1293 853 1293 544
513 750 513 804 517 804 517 750
675 437 675 763 681 763 681 437
266 293 266 585 277 585 277 293
1597 172 1597 899 1605 899 1605 172
52 513 52 648 59 648 59 513
935 766 935 949 945 949 945 766
1160 475 1160 778 1168 778 1168 475
871 793 871 801 879 801 879 793
824 458 824 846 834 846 834 458
1590 853 1590 955 1597 955 1597 853
1116 294 1116 817 1118 817 1118 294
369 565 369 980 375 980 375 565
494 878 494 908 504 908 504 878
877 253 877 417 879 417 879 253
1553 106 1553 350 1554 350 1554 106
212 309 212 887 218 887 218 309
1411 605 1411 669 1412 669 1412 605
751 548 751 756 756 756 756 548
1011 84 1011 700 1022 700 1022 84
1060 89 1060 417 1068 417 1068 89
215 263 215 417 226 417 226 263
463 104 463 980 469 980 469 104
1174 563 1174 865 1185 865 1185 563
1477 574 1477 740 1478 740 1478 574
495 19 495 706 506 706 506 19
354 586 354 597 362 597 362 586
827 550 827 578 834 578 834 550
1180 653 1180 982 1181 982 1181 653
64 148 64 746 74 746 74 148
678 738 678 809 687 809 687 738
98 465 98 855 101 855 101 465
348 786 348 910 349 910 349 786
463 108 463 813 467 813 467 108
386 168 386 947 394 947 394 168
1009 359 1009 676 1013 676 1013 359
102 94 102 624 113 624 113 94
864 593 864 896 874 896 874 593
517 522 517 867 521 867 521 522
67 546 67 965 76 965 76 546
489 157 489 951 499 951 499 157
1396 957 1396 997 1399 997 1399 957
1164 838 1164 921 1168 921 1168 838
1065 488 1065 569 1072 569 1072 488
264 210 264 385 269 385 269 210
382 794 382 862 393 862 393 794
458 464 458 769 464 769 464 464
445 367 445 632 447 632 447 367
51 639 51 726 55 726 55 639
1017 642 1017 943 1027 943 1027 642
411 146 411 610 414 610 414 146
385 351 385 938 390 938 390 351
383 459 383 673 391 673 391 459
264 916 264 945 272 945 272 916
1284 733 1284 744 1295 744 1295 733
732 377 732 761 742 761 742 377
1115 277 1115 550 1118 550 1118 277
1168 809 1168 910 1171 910 1171 809
921 152 921 731 927 731 927 152
589 480 589 633 597 633 597 480
215 787 215 841 217 841 217 787
1184 785 1184 812 1191 812 1191 785
359 519 359 867 365 867 365 519
1368 95 1368 195 1369 195 1369 95
720 127 720 651 721 651 721 127
718 26 718 837 724 837 724 26
867 588 867 600 870 600 870 588
669 239 669 817 680 817 680 239
287 941 287 961 289 961 289 941
878 376 878 820 886 820 886 376
61 99 61 729 71 729 71 99
754 600 754 671 760 671 760 600
1547 812 1547 884 1553 884 1553 812
1060 563 1060 736 1069 736 1069 563
1067 85 1067 174 1068 174 1068 85
754 450 754 625 761 625 761 450
1592 497 1592 768 1600 768 1600 497
216 585 216 865 223 865 223 585
428 189 428 679 431 679 431 189
732 160 732 767 740 767 740 160
345 733 345 867 354 867 354 733
1290 647 1290 838 1300 838 1300 647
101 309 101 474 102 474 102 309
872 854 872 920 877 920 877 854
1062 608 1062 921 1065 921 1065 608
476 427 476 896 487 896 487 427
586 575 586 933 591 933 591 575
1483 790 1483 909 1490 909 1490 790
1099 419 1099 893 1110 893 1110 419
494 244 494 720 496 720 496 244
882 603 882 975 888 975 888 603
387 343 387 911 397 911 397 343
635 665 635 906 646 906 646 665
858 565 858 760 864 760 864 565
373 734 373 841 376 841 376 734
204 81 204 801 209 801 209 81
738 313 738 759 743 759 743 313
63 107 63 623 70 623 70 107
1103 321 1103 601 1106 601 1106 321
1294 870 1294 928 1305 928 1305 870
500 1 500 999 508 999 508 1
724 350 724 728 735 728 735 350
1185 751 1185 908 1193 908 1193 751
862 795 862 871 869 871 869 795
883 760 883 803 885 803 885 760
879 798 879 803 887 803 887 798
1304 590 1304 926 1308 926 1308 590
406 280 406 316 414 316 414 280
1274 612 1274 939 1285 939 1285 612
121 263 121 739 126 739 126 263
51 796 51 802 53 802 53 796
389 306 389 569 397 569 397 306
500 194 500 772 509 772 509 194
354 920 354 951 357 951 357 920
876 172 876 965 883 965 883 172
598 844 598 892 607 892 607 844
1181 623 1181 682 1182 682 1182 623
1057 405 1057 750 1062 750 1062 405
459 388 459 900 464 900 464 388
522 717 522 856 528 856 528 717
638 150 638 653 641 653 641 150
485 795 485 969 493 969 493 795
1530 418 1530 536 1531 536 1531 418
354 965 354 995 355 995 355 965
1528 450 1528 798 1535 798 1535 450
1015 155 1015 215 1019 215 1019 155
512 470 512 999 519 999 519 470
266 325 266 983 267 983 267 325
203 655 203 903 213 903 213 655
1286 462 1286 930 1294 930 1294 462
423 894 423 970 432 970 432 894
418 232 418 664 426 664 426 232
1100 831 1100 953 1105 953 1105 831
1163 366 1163 610 1174 610 1174 366
1279 85 1279 960 1283 960 1283 85
911 331 911 929 922 929 922 331
1169 735 1169 919 1172 919 1172 735
1368 123 1368 354 1370 354 1370 123
1409 337 1409 899 1416 899 1416 337
516 694 516 915 522 915 522 694
1111 236 1111 954 1114 954 1114 236
486 494 486 997 488 997 488 494
879 813 879 866 887 866 887 813
277 479 277 877 283 877 283 479
948 571 948 572 949 572 949 571
1552 780 1552 836 1557 836 1557 780
632 853 632 896 642 896 642 853
718 347 718 783 724 783 724 347
663 300 663 572 670 572 670 300
1408 856 1408 996 1419 996 1419 856
66 78 66 390 76 390 76 78
664 122 664 699 667 699 667 122
664 210 664 568 669 568 669 210
871 278 871 330 878 330 878 278
757 189 757 517 760 517 760 189
970 66 970 293 973 293 973 66
1415 561 1415 935 1416 935 1416 561
215 343 215 453 225 453 225 343
1517 709 1517 820 1522 820 1522 709
1520 565 1520 765 1521 765 1521 565
758 885 758 986 769 986 769 885
1559 246 1559 447 1561 447 1561 246
1273 167 1273 738 1283 738 1283 167
885 917 885 940 888 940 888 917
742 632 742 761 746 761 746 632
514 863 514 931 520 931 520 863
866 794 866 916 872 916 872 794
333 894 333 944 344 944 344 894
1251 15 1251 791 1259 791 1259 15
1550 43 1550 588 1559 588 1559 43
428 729 428 795 434 795 434 729
1063 325 1063 620 1072 620 1072 325
1117 565 1117 739 1123 739 1123 565
389 219 389 900 400 900 400 219
1179 109 1179 400 1180 400 1180 109
751 194 751 601 762 601 762 194
909 404 909 516 919 516 919 404
913 724 913 923 917 923 917 724
1070 40 1070 981 1081 981 1081 40
665 354 665 863 666 863 666 354
487 268 487 677 498 677 498 268
1101 811 1101 984 1104 984 1104 811
1594 434 1594 939 1602 939 1602 434
1596 511 1596 722 1597 722 1597 511
260 882 260 968 268 968 268 882
1108 162 1108 954 1113 954 1113 162
861 572 861 629 871 629 871 572
349 770 349 954 355 954 355 770
474 619 474 654 475 654 475 619
637 587 637 939 644 939 644 587
1185 498 1185 812 1196 812 1196 498
425 468 425 742 435 742 435 468
1015 420 1015 567 1021 567 1021 420
1407 902 1407 981 1411 981 1411 902
1163 260 1163 767 1166 767 1166 260
1533 611 1533 720 1543 720 1543 611
861 652 861 782 865 782 865 652
755 691 755 765 757 765 757 691
496 227 496 328 501 328 501 227
487 120 487 734 493 734 493 120
509 534 509 630 518 630 518 534
732 133 732 492 738 492 738 133
925 886 925 924 926 924 926 886
120 148 120 358 126 358 126 148
344 478 344 782 352 782 352 478
202 772 202 789 203 789 203 772
1172 767 1172 782 1173 782 1173 767
1248 483 1248 612 1259 612 1259 483
854 572 854 606 865 606 865 572
412 836 412 953 420 953 420 836
438 343 438 862 449 862 449 343
259 279 259 430 265 430 265 279
1180 666 1180 745 1186 745 1186 666
66 850 66 944 76 944 76 850
1525 606 1525 897 1534 897 1534 606
1415 217 1415 818 1419 818 1419 217
68 624 68 865 76 865 76 624
272 888 272 905 276 905 276 888
1466 922 1466 949 1476 949 1476 922
1545 678 1545 942 1548 942 1548 678
1068 828 1068 895 1075 895 1075 828
371 674 371 760 378 760 378 674
1408 847 1408 990 1411 990 1411 847
767 578 767 999 776 999 776 578
1412 889 1412 996 1417 996 1417 889
1180 837 1180 1000 1182 1000 1182 837
1524 504 1524 751 1534 751 1534 504
433 671 433 850 436 850 436 671
387 17 387 120 389 120 389 17
920 208 920 916 925 916 925 208
458 430 458 885 461 885 461 430
1529 360 1529 760 1534 760 1534 360
1466 498 1466 528 1477 528 1477 498
213 408 213 643 224 643 224 408
1590 101 1590 786 1598 786 1598 101
905 320 905 806 910 806 910 320
477 720 477 926 488 926 488 720
1410 144 1410 812 1411 812 1411 144
665 361 665 800 667 800 667 361
439 597 439 634 441 634 441 597
1469 934 1469 936 1470 936 1470 934
1054 700 1054 788 1059 788 1059 700
718 471 718 893 725 893 725 471
1174 725 1174 800 1176 800 1176 725
933 231 933 986 940 986 940 231
730 370 730 638 738 638 738 370
606 599 606 981 614 981 614 599
196 956 196 1000 206 1000 206 956
1008 33 1008 472 1015 472 1015 33
1401 986 1401 994 1410 994 1410 986
46 41 46 645 55 645 55 41
121 642 121 989 122 989 122 642
330 920 330 999 336 999 336 920
1186 13 1186 709 1188 709 1188 13
359 296 359 653 369 653 369 296
1074 273 1074 713 1080 713 1080 273
1101 673 1101 691 1109 691 1109 673
350 290 350 922 351 922 351 290
1098 139 1098 400 1106 400 1106 139
395 20 395 663 403 663 403 20
415 501 415 770 426 770 426 501
721 201 721 407 731 407 731 201
1113 428 1113 766 1124 766 1124 428
1096 923 1096 981 1102 981 1102 923
1179 559 1179 818 1181 818 1181 559
824 513 824 562 827 562 827 513
713 771 713 992 719 992 719 771
54 816 54 848 56 848 56 816
1162 310 1162 779 1167 779 1167 310
643 787 643 883 648 883 648 787
212 376 212 878 217 878 217 376
1549 276 1549 942 1550 942 1550 276
768 368 768 907 773 907 773 368
1185 905 1185 934 1188 934 1188 905
832 389 832 766 835 766 835 389
910 423 910 747 917 747 917 423
923 469 923 947 931 947 931 469
1475 830 1475 938 1484 938 1484 830
523 766 523 991 532 991 532 766
220 79 220 884 231 884 231 79
540 261 540 422 541 422 541 261
636 282 636 822 638 822 638 282
368 979 368 993 374 993 374 979
1250 454 1250 721 1258 721 1258 454
856 903 856 942 859 942 859 903
1519 220 1519 913 1527 913 1527 220
1211 880 1211 906 1216 906 1216 880
111 23 111 331 121 331 121 23
745 206 745 273 746 273 746 206
944 672 944 963 946 963 946 672
585 339 585 799 592 799 592 339
628 385 628 534 639 534 639 385
1479 546 1479 649 1486 649 1486 546
438 505 438 653 446 653 446 505
513 969 513 989 518 989 518 969
388 195 388 718 397 718 397 195
465 334 465 892 468 892 468 334
379 422 379 835 387 835 387 422
819 662 819 810 828 810 828 662
47 694 47 979 58 979 58 694
866 59 866 139 871 139 871 59
454 142 454 434 463 434 463 142
669 382 669 892 680 892 680 382
1521 352 1521 947 1525 947 1525 352
1253 653 1253 783 1260 783 1260 653
1110 102 1110 574 1118 574 1118 102
123 382 123 506 127 506 127 382
1048 571 1048 902 1057 902 1057 571
1094 249 1094 463 1104 463 1104 249
1172 336 1172 766 1182 766 1182 336
396 515 396 591 402 591 402 515
529 362 529 977 540 977 540 362
716 901 716 972 718 972 718 901
396 199 396 456 398 456 398 199
1514 686 1514 981 1522 981 1522 686
1281 562 1281 974 1285 974 1285 562
390 50 390 526 392 526 392 50
1018 300 1018 565 1027 565 1027 300
1551 488 1551 573 1561 573 1561 488
352 621 352 753 360 753 360 621
262 731 262 953 263 953 263 731
920 317 920 914 931 914 931 317
54 476 54 589 63 589 63 476
442 539 442 725 452 725 452 539
1117 772 1117 910 1126 910 1126 772
1519 451 1519 769 1522 769 1522 451
104 96 104 636 115 636 115 96
468 724 468 783 470 783 470 724
499 454 499 912 510 912 510 454
1058 281 1058 904 1065 904 1065 281
204 502 204 947 214 947 214 502
398 364 398 993 403 993 403 364
625 772 625 990 633 990 633 772
1043 30 1043 707 1054 707 1054 30
865 102 865 849 867 849 867 102
372 628 372 891 375 891 375 628
377 374 377 607 388 607 388 374
220 695 220 729 230 729 230 695
922 754 922 946 928 946 928 754
1476 896 1476 1000 1485 1000 1485 896
219 457 219 902 228 902 228 457
1529 650 1529 667 1530 667 1530 650
1036 389 1036 829 1045 829 1045 389
976 222 976 645 987 645 987 222
337 197 337 989 348 989 348 197
454 132 454 812 462 812 462 132
933 692 933 970 940 970 940 692
444 736 444 792 448 792 448 736
509 824 509 915 517 915 517 824
637 716 637 786 639 786 639 716
47 74 47 361 51 361 51 74
724 414 724 577 735 577 735 414
208 59 208 509 212 509 212 59
772 711 772 802 780 802 780 711
715 703 715 935 726 935 726 703
1159 550 1159 699 1168 699 1168 550
1483 896 1483 966 1487 966 1487 896
1496 591 1496 810 1505 810 1505 591
398 906 398 1000 401 1000 401 906
486 702 486 797 490 797 490 702
855 846 855 869 860 869 860 846
914 692 914 967 918 967 918 692
399 496 399 730 400 730 400 496
118 874 118 969 129 969 129 874
1113 216 1113 809 1115 809 1115 216
358 827 358 938 365 938 365 827
535 638 535 783 539 783 539 638
1499 158 1499 595 1505 595 1505 158
1270 464 1270 563 1278 563 1278 464
343 947 343 975 353 975 353 947
1464 332 1464 547 1475 547 1475 332
1405 105 1405 996 1407 996 1407 105
262 152 262 934 272 934 272 152
64 809 64 961 69 961 69 809
355 505 355 962 360 962 360 505
1021 256 1021 853 1026 853 1026 256
866 429 866 901 869 901 869 429
449 50 449 537 458 537 458 50
1213 885 1213 915 1220 915 1220 885
261 948 261 983 265 983 265 948
1517 391 1517 903 1518 903 1518 391
580 529 580 980 590 980 590 529
1181 428 1181 524 1183 524 1183 428
913 554 913 876 917 876 917 554
718 542 718 562 729 562 729 542
1012 627 1012 844 1015 844 1015 627
1037 282 1037 983 1048 983 1048 282
531 43 531 860 535 860 535 43
523 570 523 983 526 983 526 570
610 473 610 959 618 959 618 473
909 731 909 864 917 864 917 731
826 437 826 556 827 556 827 437
1276 746 1276 916 1285 916 1285 746
217 437 217 975 220 975 220 437
626 840 626 935 629 935 629 840
1590 91 1590 558 1593 558 1593 91
1403 224 1403 537 1412 537 1412 224
352 498 352 705 354 705 354 498
47 445 47 923 50 923 50 445
1069 882 1069 932 1073 932 1073 882
1121 829 1121 835 1129 835 1129 829
903 716 903 745 914 745 914 716
1065 502 1065 927 1074 927 1074 502
435 824 435 963 441 963 441 824
436 580 436 592 437 592 437 580
472 908 472 929 477 929 477 908
415 326 415 568 418 568 418 326
1294 547 1294 930 1299 930 1299 547
1015 537 1015 760 1024 760 1024 537
1411 410 1411 1000 1414 1000 1414 410
1249 198 1249 488 1256 488 1256 198
647 461 647 967 648 967 648 461
468 551 468 929 475 929 475 551
1374 557 1374 651 1376 651 1376 557
631 154 631 947 641 947 641 154
675 850 675 884 683 884 683 850
733 346 733 798 742 798 742 346
691 766 691 856 698 856 698 766
485 463 485 988 493 988 493 463
751 726 751 941 755 941 755 726
1479 140 1479 998 1482 998 1482 140
409 512 409 675 418 675 418 512
1279 843 1279 929 1284 929 1284 843
733 764 733 894 741 894 741 764
1269 526 1269 555 1274 555 1274 526
822 214 822 731 824 731 824 214
216 143 216 534 224 534 224 143
1104 165 1104 994 1111 994 1111 165
725 393 725 440 730 440 730 393
1253 652 1253 874 1258 874 1258 652
347 395 347 499 356 499 356 395
1174 590 1174 658 1183 658 1183 590
413 263 413 529 419 529 419 263
1048 269 1048 835 1057 835 1057 269
775 262 775 957 777 957 777 262
1547 683 1547 970 1553 970 1553 683
677 297 677 482 678 482 678 297
1000 319 1000 616 1009 616 1009 319
454 122 454 760 459 760 459 122
643 918 643 973 652 973 652 918
1410 919 1410 939 1415 939 1415 919
111 349 111 504 118 504 118 349
631 777 631 949 635 949 635 777
503 698 503 787 505 787 505 698
862 664 862 828 870 828 870 664
1172 453 1172 698 1182 698 1182 453
67 900 67 971 74 971 74 900
333 490 333 494 338 494 338 490
634 327 634 490 639 490 639 327
617 394 617 755 618 755 618 394
1099 302 1099 996 1100 996 1100 302
1294 144 1294 322 1298 322 1298 144
438 469 438 597 447 597 447 469
985 404 985 571 990 571 990 404
1183 807 1183 970 1189 970 1189 807
989 352 989 483 997 483 997 352
1002 185 1002 541 1012 541 1012 185
375 723 375 946 379 946 379 723
540 4 540 300 544 300 544 4
1407 952 1407 992 1415 992 1415 952
1172 457 1172 682 1179 682 1179 457
448 785 448 950 459 950 459 785
1318 860 1318 880 1319 880 1319 860
1118 675 1118 740 1119 740 1119 675
1003 401 1003 476 1013 476 1013 401
677 553 677 696 683 696 683 553
1009 306 1009 499 1018 499 1018 306
1473 823 1473 880 1480 880 1480 823
440 740 440 893 443 893 443 740
219 711 219 928 230 928 230 711
119 477 119 555 125 555 125 477
378 400 378 677 379 677 379 400
1051 839 1051 992 1055 992 1055 839
352 56 352 625 354 625 354 56
1415 675 1415 961 1422 961 1422 675
1553 804 1553 845 1560 845 1560 804
724 887 724 977 734 977 734 887
385 890 385 992 387 992 387 890
1077 190 1077 525 1079 525 1079 190
1173 479 1173 587 1178 587 1178 479
112 245 112 892 114 892 114 245
1535 343 1535 999 1545 999 1545 343
1097 893 1097 924 1101 924 1101 893
374 926 374 983 385 983 385 926
1500 309 1500 599 1508 599 1508 309
625 901 625 976 628 976 628 901
390 862 390 985 393 985 393 862
200 981 200 990 209 990 209 981
920 893 920 907 922 907 922 893
353 168 353 662 363 662 363 168
525 917 525 936 526 936 526 917
348 860 348 911 356 911 356 860
1048 69 1048 266 1057 266 1057 69
914 561 914 714 923 714 923 561
583 649 583 657 586 657 586 649
417 226 417 355 427 355 427 226
631 761 631 839 636 839 636 761
402 291 402 472 413 472 413 291
1426 746 1426 826 1427 826 1427 746
1092 394 1092 584 1101 584 1101 394
418 551 418 874 419 874 419 551
1418 318 1418 375 1423 375 1423 318
395 385 395 957 403 957 403 385
1508 32 1508 726 1516 726 1516 32
902 790 902 804 910 804 910 790
1125 586 1125 804 1132 804 1132 586
1502 595 1502 713 1511 713 1511 595
19 911 19 931 21 931 21 911
1004 88 1004 247 1015 247 1015 88
629 882 629 894 639 894 639 882
360 880 360 904 364 904 364 880
1017 320 1017 704 1021 704 1021 320
1588 887 1588 900 1594 900 1594 887
59 939 59 954 62 954 62 939
392 838 392 925 393 925 393 838
363 252 363 462 370 462 370 252
283 382 283 667 291 667 291 382
753 482 753 784 759 784 759 482
263 860 263 904 265 904 265 860
208 860 208 969 213 969 213 860
501 283 501 406 506 406 506 283
497 405 497 438 502 438 502 405
727 447 727 550 732 550 732 447
623 73 623 810 634 810 634 73
1510 959 1510 994 1515 994 1515 959
53 851 53 925 63 925 63 851
672 565 672 657 678 657 678 565
438 934 438 996 447 996 447 934
930 531 930 541 939 541 939 531
951 345 951 528 956 528 956 345
979 319 979 614 985 614 985 319
1173 537 1173 810 1179 810 1179 537
1524 15 1524 833 1530 833 1530 15
1161 567 1161 870 1163 870 1163 567
637 901 637 996 642 996 642 901
267 844 267 894 274 894 274 844
200 520 200 878 205 878 205 520
502 461 502 544 504 544 504 461
520 148 520 666 521 666 521 148
58 904 58 905 63 905 63 904
409 66 409 277 413 277 413 66
629 207 629 860 635 860 635 207
613 775 613 798 620 798 620 775
54 53 54 635 59 635 59 53
859 265 859 979 867 979 867 265
856 501 856 907 865 907 865 501
1539 658 1539 660 1546 660 1546 658
1510 271 1510 382 1511 382 1511 271
445 675 445 710 449 710 449 675
111 308 111 388 118 388 118 308
384 572 384 954 395 954 395 572
1228 499 1228 684 1229 684 1229 499
1553 271 1553 570 1559 570 1559 271
585 904 585 993 593 993 593 904
631 408 631 469 641 469 641 408
661 8 661 132 672 132 672 8
216 142 216 457 222 457 222 142
341 867 341 886 342 886 342 867
759 469 759 972 760 972 760 469
15 272 15 461 16 461 16 272
1282 566 1282 998 1292 998 1292 566
397 129 397 957 403 957 403 129
502 826 502 913 511 913 511 826
408 155 408 390 417 390 417 155
1069 556 1069 905 1079 905 1079 556
48 288 48 424 49 424 49 288
126 44 126 622 134 622 134 44
1106 348 1106 371 1114 371 1114 348
865 331 865 987 870 987 870 331
1070 497 1070 979 1077 979 1077 497
1276 594 1276 688 1287 688 1287 594
1302 322 1302 531 1310 531 1310 322
814 226 814 555 825 555 825 226
12 141 12 962 18 962 18 141
762 563 762 608 772 608 772 563
106 340 106 480 114 480 114 340
648 818 648 978 659 978 659 818
488 562 488 707 495 707 495 562
1426 173 1426 846 1430 846 1430 173
119 717 119 952 125 952 125 717
717 88 717 236 721 236 721 88
1418 713 1418 910 1427 910 1427 713
785 409 785 435 788 435 788 409
1259 199 1259 690 1262 690 1262 199
703 754 703 842 714 842 714 754
875 948 875 959 880 959 880 948
373 555 373 622 378 622 378 555
1308 679 1308 745 1313 745 1313 679
442 991 442 992 453 992 453 991
1215 284 1215 937 1226 937 1226 284
916 827 916 910 918 910 918 827
977 279 977 495 986 495 986 279
1465 775 1465 961 1473 961 1473 775
1268 173 1268 362 1276 362 1276 173
252 386 252 742 260 742 260 386
392 212 392 331 401 331 401 212
446 695 446 884 447 884 447 695
1029 463 1029 517 1038 517 1038 463
528 896 528 958 529 958 529 896
342 600 342 669 343 669 343 600
1080 123 1080 794 1085 794 1085 123
1262 444 1262 834 1270 834 1270 444
924 82 924 224 935 224 935 82
466 656 466 756 470 756 470 656
875 246 875 845 878 845 878 246
917 804 917 983 928 983 928 804
1262 12 1262 865 1271 865 1271 12
334 632 334 650 335 650 335 632
283 616 283 975 287 975 287 616
1057 452 1057 646 1060 646 1060 452
505 762 505 857 508 857 508 762
649 737 649 994 657 994 657 737
576 928 576 939 584 939 584 928
753 293 753 556 755 556 755 293
1516 368 1516 399 1526 399 1526 368
727 545 727 918 729 918 729 545
51 387 51 557 59 557 59 387
1506 66 1506 597 1508 597 1508 66
1405 485 1405 560 1407 560 1407 485
1401 682 1401 891 1408 891 1408 682
730 589 730 744 738 744 738 589
124 9 124 847 125 847 125 9
1264 270 1264 976 1275 976 1275 270
834 568 834 819 835 819 835 568
1057 646 1057 996 1060 996 1060 646
1250 357 1250 677 1251 677 1251 357
523 473 523 559 527 559 527 473
419 210 419 311 422 311 422 210
652 679 652 986 654 986 654 679
398 889 398 953 403 953 403 889
510 853 510 870 511 870 511 853
477 27 477 676 488 676 488 27
278 472 278 829 280 829 280 472
208 783 208 955 215 955 215 783
437 167 437 500 441 500 441 167
1253 733 1253 789 1259 789 1259 733
1520 492 1520 527 1524 527 1524 492
760 385 760 728 766 728 766 385
129 592 129 810 137 810 137 592
718 632 718 687 721 687 721 632
707 254 707 813 717 813 717 254
1373 292 1373 740 1379 740 1379 292
1505 659 1505 864 1507 864 1507 659
1516 804 1516 834 1520 834 1520 804
1071 120 1071 172 1082 172 1082 120
264 921 264 969 274 969 274 921
1250 753 1250 870 1254 870 1254 753
937 611 937 723 945 723 945 611
1114 314 1114 574 1118 574 1118 314
936 404 936 554 939 554 939 404
496 366 496 987 506 987 506 366
18 896 18 971 25 971 25 896
104 88 104 593 112 593 112 88
983 457 983 817 989 817 989 457
874 834 874 985 880 985 880 834
105 347 105 830 107 830 107 347
692 813 692 880 700 880 700 813
1037 12 1037 208 1045 208 1045 12
323 941 323 942 331 942 331 941
269 178 269 735 270 735 270 178
591 50 591 446 592 446 592 50
1057 267 1057 825 1061 825 1061 267
1513 866 1513 914 1523 914 1523 866
431 965 431 988 441 988 441 965
1511 195 1511 969 1515 969 1515 195
1128 51 1128 869 1130 869 1130 51
595 599 595 800 600 800 600 599
451 118 451 422 455 422 455 118
709 924 709 973 717 973 717 924
1031 684 1031 937 1042 937 1042 684
1205 137 1205 390 1216 390 1216 137
537 38 537 279 545 279 545 38
408 588 408 862 418 862 418 588
1286 545 1286 770 1289 770 1289 545
671 890 671 948 675 948 675 890
1129 7 1129 142 1134 142 1134 7
1521 894 1521 922 1522 922 1522 894
902 760 902 878 903 878 903 760
213 705 213 774 221 774 221 705
198 379 198 612 207 612 207 379
1172 497 1172 716 1177 716 1177 497
1159 727 1159 1000 1165 1000 1165 727
447 939 447 963 449 963 449 939
909 142 909 515 916 515 916 142
818 585 818 995 826 995 826 585
1271 912 1271 964 1274 964 1274 912
987 434 987 761 991 761 991 434
664 809 664 970 666 970 666 809
943 114 943 778 946 778 946 114
638 192 638 239 648 239 648 192
1098 874 1098 921 1102 921 1102 874
352 5 352 486 356 486 356 5
1479 684 1479 713 1481 713 1481 684
967 101 967 560 969 560 969 101
1161 102 1161 334 1172 334 1172 102
1221 761 1221 848 1226 848 1226 761
579 66 579 773 588 773 588 66
859 599 859 794 869 794 869 599
1103 300 1103 542 1112 542 1112 300
363 154 363 890 365 890 365 154
1163 708 1163 889 1170 889 1170 708
579 688 579 799 582 799 582 688
756 464 756 825 758 825 758 464
681 811 681 999 690 999 690 811
911 585 911 924 920 924 920 585
41 350 41 676 51 676 51 350
272 361 272 364 278 364 278 361
768 553 768 954 778 954 778 553
1486 624 1486 990 1492 990 1492 624
757 419 757 915 765 915 765 419
1099 136 1099 186 1105 186 1105 136
586 297 586 312 593 312 593 297
390 44 390 663 397 663 397 44
1066 405 1066 841 1068 841 1068 405
993 395 993 832 994 832 994 395
1206 234 1206 583 1208 583 1208 234
1039 353 1039 772 1050 772 1050 353
59 741 59 962 63 962 63 741
500 549 500 922 502 922 502 549
485 794 485 966 490 966 490 794
421 184 421 835 428 835 428 184
508 326 508 756 516 756 516 326
1541 875 1541 919 1542 919 1542 875
11 360 11 623 22 623 22 360
1276 709 1276 955 1287 955 1287 709
878 541 878 625 885 625 885 541
252 862 252 931 261 931 261 862
261 726 261 906 262 906 262 726
1531 750 1531 869 1533 869 1533 750
1121 41 1121 103 1129 103 1129 41
419 819 419 916 427 916 427 819
606 801 606 976 609 976 609 801
903 345 903 363 909 363 909 345
43 298 43 518 53 518 53 298
483 647 483 941 485 941 485 647
1219 351 1219 402 1228 402 1228 351
728 768 728 953 735 953 735 768
604 925 604 950 610 950 610 925
121 480 121 490 124 490 124 480
1306 318 1306 737 1313 737 1313 318
400 92 400 590 406 590 406 92
517 178 517 554 524 554 524 178
509 385 509 419 517 419 517 385
626 404 626 521 633 521 633 404
727 665 727 699 731 699 731 665
44 379 44 580 54 580 54 379
1368 443 1368 986 1377 986 1377 443
756 26 756 826 764 826 764 26
1030 130 1030 792 1038 792 1038 130
1481 247 1481 496 1488 496 1488 247
47 296 47 949 50 949 50 296
514 339 514 560 516 560 516 339
869 807 869 815 870 815 870 807
711 825 711 851 716 851 716 825
272 580 272 945 281 945 281 580
1470 900 1470 945 1478 945 1478 900
680 312 680 487 681 487 681 312
1171 567 1171 807 1175 807 1175 567
622 792 622 869 625 869 625 792
408 628 408 836 417 836 417 628
1547 929 1547 996 1552 996 1552 929
493 301 493 637 494 637 494 301
1291 150 1291 944 1292 944 1292 150
8 871 8 941 18 941 18 871
442 759 442 828 452 828 452 759
851 336 851 829 855 829 855 336
1524 650 1524 871 1533 871 1533 650
706 584 706 889 710 889 710 584
516 424 516 815 517 815 517 424
1552 186 1552 191 1555 191 1555 186
1416 510 1416 696 1417 696 1417 510
527 225 527 864 533 864 533 225
756 822 756 837 764 837 764 822
386 782 386 874 388 874 388 782
406 574 406 610 409 610 409 574
915 29 915 615 919 615 919 29
886 372 886 710 893 710 893 372
1112 344 1112 449 1120 449 1120 344
862 258 862 562 869 562 869 258
1245 527 1245 666 1255 666 1255 527
1475 878 1475 952 1476 952 1476 878
829 711 829 755 836 755 836 711
1093 310 1093 687 1102 687 1102 310
404 505 404 921 408 921 408 505
713 568 713 999 716 999 716 568
352 239 352 413 360 413 360 239
453 407 453 910 462 910 462 407
1082 245 1082 264 1089 264 1089 245
772 847 772 880 782 880 782 847
967 63 967 417 970 417 970 63
853 75 853 417 863 417 863 75
438 608 438 999 445 999 445 608
511 360 511 606 515 606 515 360
524 763 524 970 527 970 527 763
632 989 632 997 643 997 643 989
516 348 516 717 519 717 519 348
1022 624 1022 784 1026 784 1026 624
126 341 126 377 137 377 137 341
514 849 514 986 516 986 516 849
386 627 386 660 388 660 388 627
443 861 443 922 451 922 451 861
349 702 349 922 354 922 354 702
704 117 704 916 711 916 711 117
738 364 738 659 749 659 749 364
883 778 883 923 890 923 890 778
528 314 528 725 537 725 537 314
1074 483 1074 896 1077 896 1077 483
476 119 476 791 478 791 478 119
488 181 488 915 489 915 489 181
121 571 121 813 129 813 129 571
444 797 444 976 451 976 451 797
880 593 880 692 889 692 889 593
1370 892 1370 985 1378 985 1378 892
868 965 868 983 872 983 872 965
1427 437 1427 691 1434 691 1434 437
381 339 381 671 390 671 390 339
704 471 704 927 711 927 711 471
1312 51 1312 674 1316 674 1316 51
417 863 417 889 424 889 424 863
1595 219 1595 612 1599 612 1599 219
377 102 377 657 379 657 379 102
1036 329 1036 603 1044 603 1044 329
208 460 208 608 214 608 214 460
407 714 407 899 410 899 410 714
609 284 609 497 620 497 620 284
1524 184 1524 738 1530 738 1530 184
1371 504 1371 874 1373 874 1373 504
873 956 873 1000 876 1000 876 956
915 610 915 996 917 996 917 610
1521 385 1521 699 1526 699 1526 385
651 972 651 974 660 974 660 972
271 327 271 765 272 765 272 327
110 292 110 596 121 596 121 292
417 235 417 691 427 691 427 235
731 270 731 530 736 530 736 270
1261 772 1261 886 1265 886 1265 772
844 533 844 985 854 985 854 533
473 886 473 908 477 908 477 886
1030 578 1030 707 1040 707 1040 578
362 206 362 349 365 349 365 206
19 463 19 886 27 886 27 463
262 169 262 810 271 810 271 169
853 384 853 561 857 561 857 384
