1
100
80 37 80 39 81 39 81 37
49 51 49 52 53 52 53 51
44 44 44 45 50 45 50 44
27 11 27 16 30 16 30 11
17 19 17 27 19 27 19 19
40 7 40 24 41 24 41 7
12 33 12 35 14 35 14 33
60 30 60 31 66 31 66 30
21 39 21 41 22 41 22 39
54 42 54 46 56 46 56 42
38 54 38 55 43 55 43 54
29 20 29 46 30 46 30 20
79 10 79 11 80 11 80 10
47 55 47 57 51 57 51 55
60 19 60 22 65 22 65 19
74 50 74 51 75 51 75 50
78 43 78 45 82 45 82 43
21 50 21 53 26 53 26 50
3 41 3 42 4 42 4 41
14 49 14 50 15 50 15 49
40 37 40 38 42 38 42 37
58 46 58 47 60 47 60 46
55 11 55 13 56 13 56 11
51 28 51 29 52 29 52 28
55 1 55 3 58 3 58 1
48 32 48 33 52 33 52 32
8 38 8 39 9 39 9 38
20 55 20 56 25 56 25 55
74 56 74 57 75 57 75 56
1 48 1 52 2 52 2 48
64 44 64 54 65 54 65 44
3 38 3 39 6 39 6 38
34 29 34 30 35 30 35 29
76 35 76 36 77 36 77 35
71 41 71 42 72 42 72 41
36 37 36 43 37 43 37 37
19 50 19 51 20 51 20 50
41 58 41 59 42 59 42 58
15 38 15 39 16 39 16 38
13 45 13 46 14 46 14 45
59 8 59 12 61 12 61 8
71 34 71 35 74 35 74 34
42 26 42 28 44 28 44 26
16 51 16 52 18 52 18 51
8 36 8 37 12 37 12 36
48 23 48 25 51 25 51 23
72 39 72 40 78 40 78 39
82 55 82 58 84 58 84 55
34 6 34 10 35 10 35 6
30 55 30 56 31 56 31 55
37 48 37 55 40 55 40 48
1 39 1 59 11 59 11 39
11 27 11 29 14 29 14 27
4 35 4 46 8 46 8 35
24 33 24 34 25 34 25 33
65 26 65 52 68 52 68 26
52 16 52 57 59 57 59 16
62 10 62 12 64 12 64 10
83 31 83 32 85 32 85 31
18 21 18 23 20 23 20 21
31 28 31 51 35 51 35 28
46 13 46 39 57 39 57 13
45 3 45 5 47 5 47 3
8 27 8 32 9 32 9 27
71 15 71 16 73 16 73 15
1 37 1 60 5 60 5 37
24 22 24 35 29 35 29 22
65 23 65 54 70 54 70 23
2 57 2 59 12 59 12 57
33 26 33 58 37 58 37 26
21 14 21 15 22 15 22 14
54 15 54 48 64 48 64 15
5 14 5 16 6 16 6 14
47 40 47 41 49 41 49 40
53 43 53 46 59 46 59 43
48 27 48 40 51 40 51 27
48 34 48 45 59 45 59 34
15 57 15 58 16 58 16 57
72 46 72 49 73 49 73 46
47 40 47 55 52 55 52 40
34 36 34 48 44 48 44 36
15 15 15 16 17 16 17 15
16 24 16 41 26 41 26 24
80 29 80 31 81 31 81 29
21 45 21 47 22 47 22 45
24 14 24 30 26 30 26 14
68 2 68 27 71 27 71 2
76 48 76 58 86 58 86 48
40 0 40 11 46 11 46 0
38 15 38 16 39 16 39 15
65 38 65 56 67 56 67 38
1 44 1 53 6 53 6 44
15 44 15 56 22 56 22 44
32 12 32 22 33 22 33 12
16 10 16 11 17 11 17 10
13 16 13 21 14 21 14 16
52 58 52 59 53 59 53 58
69 52 69 53 72 53 72 52
42 25 42 48 51 48 51 25
24 45 24 46 27 46 27 45
