20
100
80 37 80 39 81 39 81 37
49 51 49 52 53 52 53 51
44 44 44 45 50 45 50 44
27 11 27 16 30 16 30 11
17 19 17 27 19 27 19 19
40 7 40 24 41 24 41 7
12 33 12 35 14 35 14 33
60 30 60 31 66 31 66 30
21 39 21 41 22 41 22 39
54 42 54 46 56 46 56 42
38 54 38 55 43 55 43 54
29 20 29 46 30 46 30 20
79 10 79 11 80 11 80 10
47 55 47 57 51 57 51 55
60 19 60 22 65 22 65 19
74 50 74 51 75 51 75 50
78 43 78 45 82 45 82 43
21 50 21 53 26 53 26 50
3 41 3 42 4 42 4 41
14 49 14 50 15 50 15 49
40 37 40 38 42 38 42 37
58 46 58 47 60 47 60 46
55 11 55 13 56 13 56 11
51 28 51 29 52 29 52 28
55 1 55 3 58 3 58 1
48 32 48 33 52 33 52 32
8 38 8 39 9 39 9 38
20 55 20 56 25 56 25 55
74 56 74 57 75 57 75 56
1 48 1 52 2 52 2 48
64 44 64 54 65 54 65 44
3 38 3 39 6 39 6 38
34 29 34 30 35 30 35 29
76 35 76 36 77 36 77 35
71 41 71 42 72 42 72 41
36 37 36 43 37 43 37 37
19 50 19 51 20 51 20 50
41 58 41 59 42 59 42 58
15 38 15 39 16 39 16 38
13 45 13 46 14 46 14 45
59 8 59 12 61 12 61 8
71 34 71 35 74 35 74 34
42 26 42 28 44 28 44 26
16 51 16 52 18 52 18 51
8 36 8 37 12 37 12 36
48 23 48 25 51 25 51 23
72 39 72 40 78 40 78 39
82 55 82 58 84 58 84 55
34 6 34 10 35 10 35 6
30 55 30 56 31 56 31 55
55 24 55 25 57 25 57 24
55 56 55 57 56 57 56 56
6 48 6 49 7 49 7 48
38 49 38 51 40 51 40 49
70 14 70 18 71 18 71 14
69 31 69 39 70 39 70 31
71 49 71 50 72 50 72 49
45 3 45 5 47 5 47 3
8 27 8 32 9 32 9 27
66 57 66 58 67 58 67 57
25 44 25 45 26 45 26 44
64 6 64 9 69 9 69 6
36 49 36 53 37 53 37 49
21 15 21 20 23 20 23 15
5 14 5 16 6 16 6 14
62 38 62 40 65 40 65 38
47 40 47 41 49 41 49 40
19 44 19 45 20 45 20 44
12 54 12 55 15 55 15 54
4 52 4 53 6 53 6 52
54 42 54 52 63 52 63 42
8 57 8 58 9 58 9 57
76 9 76 60 85 60 85 9
10 24 10 30 11 30 11 24
67 26 67 28 68 28 68 26
72 44 72 45 73 45 73 44
61 23 61 24 62 24 62 23
39 27 39 30 40 30 40 27
57 38 57 50 60 50 60 38
39 29 39 56 50 56 50 29
15 15 15 16 17 16 17 15
21 45 21 47 22 47 22 45
38 15 38 16 39 16 39 15
26 23 26 24 27 24 27 23
58 57 58 58 60 58 60 57
54 33 54 34 55 34 55 33
67 52 67 53 68 53 68 52
32 12 32 22 33 22 33 12
7 4 7 44 10 44 10 4
13 16 13 21 14 21 14 16
49 14 49 17 53 17 53 14
9 24 9 33 13 33 13 24
17 9 17 11 24 11 24 9
79 52 79 58 89 58 89 52
16 51 16 55 22 55 22 51
69 53 69 54 71 54 71 53
68 5 68 36 78 36 78 5
68 41 68 42 69 42 69 41
14 43 14 44 17 44 17 43
52 58 52 59 53 59 53 58
