10
100
80 37 80 39 81 39 81 37
49 51 49 52 53 52 53 51
44 44 44 45 50 45 50 44
27 11 27 16 30 16 30 11
17 19 17 27 19 27 19 19
40 7 40 24 41 24 41 7
12 33 12 35 14 35 14 33
60 30 60 31 66 31 66 30
21 39 21 41 22 41 22 39
54 42 54 46 56 46 56 42
38 54 38 55 43 55 43 54
29 20 29 46 30 46 30 20
79 10 79 11 80 11 80 10
47 55 47 57 51 57 51 55
60 19 60 22 65 22 65 19
74 50 74 51 75 51 75 50
78 43 78 45 82 45 82 43
21 50 21 53 26 53 26 50
3 41 3 42 4 42 4 41
14 49 14 50 15 50 15 49
40 37 40 38 42 38 42 37
58 46 58 47 60 47 60 46
55 11 55 13 56 13 56 11
51 28 51 29 52 29 52 28
55 1 55 3 58 3 58 1
48 32 48 33 52 33 52 32
8 38 8 39 9 39 9 38
20 55 20 56 25 56 25 55
74 56 74 57 75 57 75 56
1 48 1 52 2 52 2 48
64 44 64 54 65 54 65 44
3 38 3 39 6 39 6 38
34 29 34 30 35 30 35 29
76 35 76 36 77 36 77 35
71 41 71 42 72 42 72 41
36 37 36 43 37 43 37 37
19 50 19 51 20 51 20 50
41 58 41 59 42 59 42 58
15 38 15 39 16 39 16 38
13 45 13 46 14 46 14 45
13 19 13 52 17 52 17 19
5 28 5 29 6 29 6 28
42 26 42 28 44 28 44 26
48 23 48 25 51 25 51 23
33 2 33 35 44 35 44 2
80 53 80 54 82 54 82 53
7 57 7 59 9 59 9 57
23 39 23 53 34 53 34 39
30 55 30 56 31 56 31 55
34 1 34 3 39 3 39 1
37 48 37 55 40 55 40 48
1 39 1 59 11 59 11 39
62 10 62 12 64 12 64 10
83 31 83 32 85 32 85 31
18 21 18 23 20 23 20 21
31 28 31 51 35 51 35 28
8 27 8 32 9 32 9 27
35 35 35 57 42 57 42 35
71 15 71 16 73 16 73 15
25 33 25 34 28 34 28 33
65 23 65 54 70 54 70 23
2 57 2 59 12 59 12 57
33 26 33 58 37 58 37 26
74 17 74 32 75 32 75 17
25 19 25 52 31 52 31 19
21 14 21 15 22 15 22 14
54 15 54 48 64 48 64 15
5 14 5 16 6 16 6 14
47 40 47 41 49 41 49 40
19 44 19 45 20 45 20 44
48 27 48 40 51 40 51 27
48 34 48 45 59 45 59 34
55 56 55 57 56 57 56 56
73 42 73 46 74 46 74 42
15 57 15 58 16 58 16 57
36 52 36 55 40 55 40 52
19 48 19 58 30 58 30 48
15 15 15 16 17 16 17 15
80 29 80 31 81 31 81 29
24 41 24 49 33 49 33 41
68 27 68 59 69 59 69 27
54 9 54 59 59 59 59 9
21 45 21 47 22 47 22 45
72 29 72 30 73 30 73 29
34 51 34 57 36 57 36 51
40 3 40 32 50 32 50 3
76 37 76 39 77 39 77 37
16 10 16 11 17 11 17 10
74 53 74 60 81 60 81 53
11 31 11 32 12 32 12 31
23 37 23 47 32 47 32 37
56 47 56 53 66 53 66 47
87 49 87 51 88 51 88 49
36 23 36 54 43 54 43 23
57 19 57 59 59 59 59 19
18 46 18 50 27 50 27 46
1 5 1 9 2 9 2 5
43 7 43 16 47 16 47 7
34 46 34 60 42 60 42 46
78 19 78 20 79 20 79 19
